surround_waste_plus, 0, False, square and circle
0.9196	0.8386	0.8401	0.8093	0.8384	0.8593	0.7926		0.7226	0.7447	0.8317	0.8017	0.8408	0.8515	0.7904	
21	36	86	174	286	231	309		16	31	83	168	278	220	299
3.12	1.16	8.83	75.85	237.15	168.13	263.65		6.98	2.57	17.09	94.12	280.64	194.21	303.38	

surround_waste_plus, 0, True, square and circle
0.9196	0.8386	0.8550	0.8093	0.8266	0.8635	0.7822		0.7225	0.7447	0.8522	0.8126	0.8228	0.8474	0.7858	
21	36	87	174	282	232	304		16	31	85	170	271	219	298
2.92	1.16	7.84	72.21	208.84	153.61	236.43		6.94	2.50	13.16	90.93	246.88	173.78	273.35	

surround_waste_plus, 1, False, square and circle
0.9196	0.8386	0.8264	0.8093	0.8338	0.8593	0.7878		0.7677	0.7207	0.8316	0.8126	0.8350	0.8416	0.7903	
21	36	85	174	284	231	306		17	30	83	170	275	218	299	
2.78	1.10	6.25	54.93	162.08	105.23	183.69		8.17	2.34	12.30	72.36	201.96	129.85	217.13


