EURO:
surround_waste_plus, 0, False, square
0.8394628775510206	0.5401419662053392	0.7194561015851219	0.7382211538461539	0.6036363636363636	0.6510549340644073	
19	5	5	11	30	34	
2.0581483	0.3226074000000003	0.33854190000000006	1.2325741	5.062931	43.630214	

SG1 - SG7:
surround_waste_plus, 0, False, square
0.9195857889215278	0.8385742531690006	0.8981210688001876	0.8188388500096021	0.8419609505409166	0.8586043550328415	0.7994779925416429	
21	36	71	166	268	179	281	
2.9020301999999987	1.1241182999999992	5.281741099999991	65.6710131	194.9718507	125.5518505	205.72613230000002	
