bottom_left, 0, False, square
0.7006367915592593	0.8385742531690006	0.7687003853235166	0.7113690797981387	0.6945564139887539	0.7943245418036621	0.6927938230077126	
16	36	80	152	240	215	271	
1.7522312	1.0166104	4.9677869	41.032807999999996	114.58433830000001	86.20789150000002	134.879771	

bottom_left, 0, True, square
0.7006367915592593	0.8385742531690006	0.784740418785092	0.7113690797981387	0.7316622228192574	0.7943245418036623	0.6992875167860333	
16	36	81	152	250	215	274	
1.7493294999999875	1.0289094999999975	5.154648399999985	39.33447220000005	117.57682509999995	86.89752930000009	141.01611160000004	

bottom_left, 1, False, square
0.7006367915592593	0.8385742531690006	0.7687003853235166	0.7113690797981387	0.6945564139887539	0.7943245418036621	0.6927938230077126	
16	36	80	152	240	215	271	
1.7363001999999597	1.0446141999999554	5.0149752000000944	39.73140870000009	113.13470749999999	87.03648109999995	135.63664130000006	

bottom_left, 1, True, square
0.7006367915592593	0.8385742531690006	0.784740418785092	0.7113690797981387	0.7316622228192574	0.7943245418036623	0.6992875167860333	
16	36	81	152	250	215	274	
1.737251199999946	1.066102699999874	5.0613766999999825	39.176316499999984	117.99167199999988	85.8291858	138.53167150000013	

bottom_left, 2, False, square
0.7006367915592593	0.8385742531690006	0.7687003853235166	0.7113690797981387	0.6945564139887539	0.7943245418036621	0.6927938230077126	
16	36	80	152	240	215	271	
1.9380312999999205	1.0843291999999565	6.090274299999919	44.97335999999996	123.38337410000008	99.08063730000003	153.70793849999995	

bottom_left, 2, True, square
0.7006367915592593	0.8385742531690006	0.784740418785092	0.7113690797981387	0.7316622228192574	0.7943245418036623	0.6992875167860333	
16	36	81	152	250	215	274	
1.9110838999999942	1.0811226000000715	6.156706900000017	44.7698241999999	132.6544666000002	99.03236910000032	154.21987089999993	

bottom_left, 0, False, circle
0.6322606152649406	0.6966780999663217	0.7927791802041174	0.7041167216258036	0.7307294439848459	0.7871953979763375	0.6954551519988619	
14	29	80	147	244	209	262	
6.11433739999984	2.0170647999998437	9.906302000000323	55.6310610999999	153.79936879999968	113.41293289999976	161.2847010999999	

bottom_left, 0, True, circle
0.6322606152649406	0.6966780999663217	0.7769991353379978	0.7041167216258036	0.730729443984846	0.7702702163377897	0.7024267403401375	
14	29	79	147	244	207	264	
5.501678800000263	1.9886547000000974	10.014685500000269	54.1732449000001	151.65867340000023	108.61466870000004	164.69857039999988	

bottom_left, 1, False, circle
0.6322606152649406	0.6966780999663217	0.7927791802041174	0.7041167216258036	0.7307294439848459	0.7871953979763375	0.6954551519988619	
14	29	80	147	244	209	262	
5.342153699999926	2.0322948000002725	9.874484200000097	53.96367340000006	152.11597540000002	110.7940120000003	160.38436460000003	

bottom_left, 1, True, circle
0.6322606152649406	0.6966780999663217	0.7769991353379978	0.7041167216258037	0.730729443984846	0.7702702163377897	0.7024267403401375	
14	29	79	147	244	207	264	
5.363367599999947	2.016112400000111	9.867658699999993	53.846725100000185	154.43586659999983	109.7292281	165.00953750000008	

bottom_left, 2, False, circle
0.6322606152649406	0.6966780999663217	0.7927791802041174	0.7041167216258036	0.7307294439848459	0.7871953979763375	0.6954551519988619	
14	29	80	147	244	209	262	
6.178909199999907	2.4452112999997553	13.328175500000725	66.78469929999937	190.51597700000002	139.8031160999999	192.91481269999986	

bottom_left, 2, True, circle
0.6322606152649406	0.6966780999663217	0.7769991353379978	0.7041167216258036	0.730729443984846	0.7702702163377897	0.7024267403401375	
14	29	79	147	244	207	264	
6.230328099999497	2.482380500000545	13.106332599999405	66.24556800000028	188.99294780000037	136.14375980000023	195.04021620000003	

