convex_hull, 0, False, square
0.744426591031713	0.8385742531690006	0.784740418785092	0.6906777517973731	0.7157230354762149	0.7468750780635249	0.6888013673953397	
17	36	81	148	246	207	269	
2.0663509	1.2303352000000003	8.1730431	82.7404292	295.3493357	240.58778149999995	320.2923049	

convex_hull, 0, True, square
0.744426591031713	0.8385742531690006	0.796648753399028	0.7113690797981387	0.7316622228192576	0.7943245418036621	0.6973561078787718	
17	36	82	152	250	215	273	
2.0168015000000423	1.128947900000071	7.848782300000039	67.96868800000004	219.61022520000006	162.55712119999998	271.59588440000016	

convex_hull, 1, False, square
0.744426591031713	0.8385742531690006	0.7847404187850922	0.7202279420089072	0.7157230354762149	0.7824088295605968	0.6992875167860333	
17	36	81	153	246	212	274	
1.9334128999998939	1.1148878999999852	6.154493700000103	47.29493820000016	147.57697099999996	105.3681669	175.7273621999998	

convex_hull, 1, True, square
0.744426591031713	0.8385742531690006	0.796648753399028	0.7202279420089072	0.7419748045335932	0.8066865073455098	0.712063487179774	
17	36	82	153	253	216	280	
1.9255198000000746	1.0884863999999652	6.12000450000005	45.664350699999886	141.63123309999992	106.34144779999997	175.60389480000003	

convex_hull, 2, False, square
0.744426591031713	0.8152805239143062	0.784740418785092	0.6906777517973732	0.6801148612801945	0.7468750780635249	0.6743323445743201	
17	35	81	148	235	207	262	
2.2255290000002788	1.1778143000001364	14.815297900000132	194.74377940000022	1031.1156778	690.2159046000006	789.7902755000005	

convex_hull, 2, True, square
0.744426591031713	0.8152805239143062	0.7533996220442827	0.6906777517973731	0.7085352632668354	0.7877577845335783	0.6927938230077128	
17	35	79	148	244	213	271	
2.2533862999998746	1.1600492999996277	12.296808899999633	120.31805059999988	395.1359806999999	282.1462991999997	564.7402532999995	

convex_hull, 0, False, circle
0.6774220877838649	0.7447248654812404	0.7551779039898049	0.7041167216258035	0.7163127207953415	0.6965217394211234	0.6794078793264399	
15	31	77	147	240	193	255	
5.812458299999889	2.1820293999999194	14.023706500000117	98.95912619999945	352.8685094000002	209.4364298999999	360.7202658999995	

convex_hull, 0, True, circle
0.6774220877838649	0.7447248654812404	0.7666715548957063	0.7041167216258036	0.7163127207953416	0.7702702163377896	0.7024267403401374	
15	31	78	147	240	207	264	
5.817960299999868	2.185324000000037	12.080412100000103	92.26309849999961	308.81695839999975	177.04946519999976	340.6794413000007	

convex_hull, 1, False, circle
0.6774220877838649	0.6966780999663217	0.7361394019415958	0.7041167216258037	0.7247746232947914	0.7702702163377897	0.6870440555851178	
15	29	76	147	242	207	258	
5.816724299998896	2.0879604000001564	11.271633299998939	79.5470991000002	225.05117719999907	156.3890535999999	257.59333909999987	

convex_hull, 1, True, circle
0.7225835603027893	0.6966780999663217	0.776999135337998	0.7123125632683264	0.7381423661954256	0.7871953979763375	0.6954551519988618	
16	29	79	148	246	209	262	
6.221620899999834	2.0613837000000785	11.461593599999105	69.35850389999905	227.45422000000144	153.73477790000106	240.59145440000066	

convex_hull, 2, False, circle
0.5870991427460163	0.6966780999663217	0.7361394019415958	0.6846670894689103	0.7044568195371621	0.7656117905091991	0.6601954308949264	
13	29	76	143	236	206	247	
6.665134099999705	3.266401999999289	37.23572559999957	308.1090108999997	1353.3043527999998	832.3255715999985	1210.9649308999997	

convex_hull, 2, True, circle
0.5870991427460163	0.6966780999663217	0.7361394019415957	0.7041167216258034	0.7163127207953417	0.7702702163377896	0.6870440555851178	
13	29	76	147	240	207	258	
6.34274490000098	3.013216499999544	22.112725700000738	257.6210408000006	783.6306327999991	627.5396489999985	972.2673568000009	

