conv_hull_surr_waste, 0, False, square
0.8320061899766205	0.8385742531690006	0.8263675238711841	0.726537729021112	0.7495750191645216	0.7943245418036625	0.7120634871797739	
19	36	85	155	256	215	280	
2.8421396000000003	1.1812135000000001	8.826865900000001	78.50923159999999	288.9468346	194.59619410000005	344.88169000000005	

conv_hull_surr_waste, 0, True, square
0.8320061899766205	0.8385742531690006	0.8263675238711841	0.726537729021112	0.7610897630118584	0.8358112121080787	0.7169133232400187	
19	36	85	155	259	223	281	
2.3417089999999234	1.159320300000104	7.971835300000066	70.45384139999999	238.66754589999994	175.14088530000004	281.53400239999996	

conv_hull_surr_waste, 1, False, square
0.9195857889215278	0.8385742531690006	0.784740418785092	0.7337511530706169	0.7419748045335931	0.7943245418036623	0.7120634871797736	
21	36	81	156	253	215	280	
2.6744686999998066	1.0917179000000488	6.1459248999999545	48.02190489999998	152.56829229999994	108.53957839999998	184.10647430000017	

conv_hull_surr_waste, 1, True, square
0.9195857889215278	0.8385742531690006	0.784740418785092	0.74780415009957	0.7533179162060094	0.8300399591194026	0.7120634871797739	
21	36	81	161	257	221	280	
2.700251599999774	1.0777621000002	6.308482699999786	51.33017729999983	145.50805870000022	105.72171660000004	170.2137198999999	

conv_hull_surr_waste, 2, False, square
0.8320061899766205	0.8385742531690006	0.8263675238711841	0.726537729021112	0.7533179162060094	0.8117154470215725	0.7072425113620704	
19	36	85	155	257	217	278	
2.5837389000002986	1.177823499999704	15.636898700000074	188.5936569999999	874.033833	439.7340912000004	1007.1940230999999	

conv_hull_surr_waste, 2, True, square
0.8320061899766205	0.8385742531690006	0.8263675238711841	0.74780415009957	0.7610897630118584	0.8256119605036987	0.7120634871797737	
19	36	85	161	259	220	280	
2.574106199999733	1.1764546000003975	12.64895609999985	133.74363209999956	493.14402169999994	362.9100785999999	721.6272257999999	

conv_hull_surr_waste, 0, False, circle
0.6774220877838649	0.7447248654812404	0.776999135337998	0.7209924372647971	0.7493375195945574	0.8192059885622299	0.7144949183593551	
15	31	79	149	249	215	271	
5.824705499999254	2.215641799999503	14.676720399999795	108.34000139999989	336.12163280000004	247.0980724000001	425.0201416	

conv_hull_surr_waste, 0, True, circle
0.6774220877838648	0.7447248654812404	0.7769991353379979	0.7306799080307099	0.7493375195945573	0.8124335339823018	0.7246539511835985	
15	31	79	151	249	213	275	
5.743697599999905	2.179965799999991	12.011647999999695	92.1125348000005	291.45913500000097	194.0205807000002	338.85255399999915	

conv_hull_surr_waste, 1, False, circle
0.6774220877838649	0.6966780999663217	0.776999135337998	0.7336520270736915	0.7381423661954255	0.7702702163377896	0.6954551519988618	
15	29	79	152	246	207	262	
5.7281902999984595	2.037538599999607	11.881128600000011	80.38766179999948	238.69639169999937	146.4286704999995	273.0660286000002	

conv_hull_surr_waste, 1, True, circle
0.6774220877838648	0.6966780999663217	0.7769991353379979	0.7123125632683267	0.765216446486744	0.8069170281766695	0.7293961978790365	
15	29	79	148	253	212	278	
5.71119230000113	2.037574300000415	11.110576999999466	69.05706239999927	241.25528099999974	160.09242529999938	258.75859519999904	

conv_hull_surr_waste, 2, False, circle
0.6774220877838649	0.7447248654812404	0.7927791802041174	0.7336520270736915	0.7307294439848461	0.812433533982302	0.7211920208044216	
15	31	80	152	244	213	274	
7.61803239999972	3.204313000000184	38.46645229999922	322.99681559999954	1287.238189400001	829.8478817000014	1348.7064933000001	

conv_hull_surr_waste, 2, True, circle
0.6774220877838648	0.7447248654812404	0.7769991353379979	0.7336520270736916	0.7623464698214703	0.8069170281766694	0.7173549853213167	
15	31	79	152	252	212	272	
7.393330900000365	3.131203099999766	30.284695000000283	251.7436342000001	1171.4183672999989	594.8891915000004	1072.3992977999987	

