max_bb_overlap, 0, False, square
0.7006367915592593	0.8385742531690006	0.7687003853235167	0.7113690797981387	0.7265781625362528	0.7468750780635249	0.7072425113620705	
16	36	80	152	249	207	278	
1.91876	1.1927224	7.1335478000000005	48.08501029999999	135.68086449999998	105.62111750000003	176.308542	

max_bb_overlap, 0, True, square
0.7006367915592593	0.8385742531690006	0.7533996220442827	0.7113690797981387	0.7419748045335931	0.7943245418036621	0.7120634871797737	
16	36	79	152	253	215	280	
1.8831985000000486	1.1175786000000016	5.727394500000003	43.111382599999956	131.1685357	95.25861410000005	158.5831528	

max_bb_overlap, 1, False, square
0.7882163905041668	0.8385742531690006	0.796648753399028	0.7113690797981387	0.7157230354762149	0.7943245418036625	0.7120634871797739	
18	36	82	152	246	215	280	
2.3026731999999583	1.1828768999999966	5.832527700000014	41.23289770000008	116.34210199999995	89.91656119999993	147.84739979999995	

max_bb_overlap, 1, True, square
0.744426591031713	0.8385742531690006	0.8263675238711841	0.726537729021112	0.749575019164522	0.8117154470215725	0.7212466583042286	
17	36	85	155	256	217	283	
2.161495500000001	1.145859400000063	6.538730400000077	43.41096950000019	126.36224229999993	88.75096809999991	147.00038130000007	

max_bb_overlap, 2, False, square
0.7006367915592593	0.8385742531690006	0.7013421431129883	0.6827308394843685	0.7085352632668351	0.7468750780635249	0.7120634871797737	
16	36	75	147	244	207	280	
1.9882979999999861	1.2136187000000973	13.701792999999952	70.33883459999993	281.33578639999996	214.63816450000013	278.93587660000003	

max_bb_overlap, 2, True, square
0.7006367915592593	0.8385742531690006	0.7687003853235167	0.7234375299607352	0.749575019164522	0.7943245418036623	0.7169133232400188	
16	36	80	154	256	215	281	
1.9650188000000526	1.2258701999999175	9.620611199999985	63.21324479999976	170.24655540000003	125.29518350000035	209.36750659999961	

max_bb_overlap, 0, False, circle
0.5870991427460163	0.7447248654812404	0.7361394019415957	0.7041167216258036	0.7163127207953419	0.6965217394211233	0.6954551519988619	
13	31	76	147	240	193	262	
4.9900070000003325	2.263708100000258	10.936285000000225	64.42285110000012	192.41164619999972	130.5045651999999	195.97761769999988	

max_bb_overlap, 0, True, circle
0.6322606152649406	0.7447248654812404	0.7769991353379979	0.7123125632683266	0.7381423661954254	0.7702702163377897	0.7144949183593552	
14	31	79	148	246	207	271	
5.349171999999726	2.206304199999977	10.835864499999843	61.15127919999986	171.76070430000027	119.629187	186.67887950000022	

max_bb_overlap, 1, False, circle
0.6322606152649406	0.6966780999663217	0.7361394019415957	0.7336520270736917	0.7381423661954256	0.7702702163377896	0.7211920208044217	
14	29	76	152	246	207	274	
5.3661167999998725	2.082220399999642	10.12401189999946	60.38486600000033	165.18600370000058	114.79755169999953	181.75189779999982	

max_bb_overlap, 1, True, circle
0.6322606152649406	0.6966780999663217	0.776999135337998	0.7336520270736915	0.7493375195945573	0.7997604759813828	0.7293961978790366	
14	29	79	152	249	211	278	
5.342088100000183	2.074754899999789	10.50356599999941	60.551334800000404	163.38859500000035	117.48913909999919	185.49052279999978	

max_bb_overlap, 2, False, circle
0.5870991427460163	0.7447248654812404	0.6850070332953009	0.7041167216258034	0.7247746232947915	0.6965217394211233	0.7211920208044216	
13	31	71	147	242	193	274	
6.657345800000257	3.348038500000257	21.89646670000002	121.65863379999973	357.2482056000008	380.70196530000067	379.76033260000077	

max_bb_overlap, 2, True, circle
0.6322606152649406	0.720701482723781	0.7361394019415957	0.7123125632683265	0.7381423661954254	0.7702702163377897	0.7080754041289913	
14	30	76	148	246	207	268	
6.998385799999596	3.134735499999806	18.436372400000437	95.81338239999968	284.84726469999987	209.14769400000023	300.57438850000017	

