my_own_old, 0, False, square
0.9195857889215278	0.8385742531690006	0.7533996220442826	0.560190656321022	0.6830606077250552	0.6753665369231436	0.5678818787587936	
21	36	79	121	236	193	223	
2.8038602000000004	1.0545708999999999	7.3587479	54.16348610000001	205.61841569999999	186.93007699999998	233.8423811	

my_own_old, 0, True, square
0.9195857889215278	0.8385742531690006	0.7533996220442826	0.6638719439599488	0.7316622228192573	0.7754696407328976	0.6743323445743203	
21	36	79	143	250	211	262	
2.7180673000000297	1.0421155000000226	6.009918399999947	42.50639849999993	147.95072040000002	115.56444810000005	173.35417570000004	

my_own_old, 1, False, square
0.9195857889215278	0.8385742531690006	0.7687003853235166	0.6743672436103678	0.708535263266835	0.7754696407328977	0.6661767153452913	
21	36	80	145	244	211	258	
2.6828230999999505	1.0365093000000343	5.571284200000036	38.65877069999988	123.97928769999999	96.7778096999998	136.7718115	

my_own_old, 1, True, square
0.8757959894490741	0.8385742531690006	0.8165526444316372	0.7113690797981387	0.7419748045335931	0.7943245418036621	0.7026442992077809	
20	36	84	152	253	215	275	
2.498541899999964	1.0492080000001351	5.770868999999948	41.06948710000006	128.19988390000003	90.7170414000002	146.8787895999999	

my_own_old, 2, False, square
0.9195857889215278	0.8385742531690006	0.7013421431129883	0.560190656321022	0.6830606077250552	0.6753665369231436	0.5678818787587936	
21	36	75	121	236	193	223	
3.3506958000000395	1.1955771000000368	17.901048000000173	186.83409930000016	657.4518444	980.4183988999998	894.3240986999995	

my_own_old, 2, True, square
0.9195857889215278	0.8385742531690006	0.796648753399028	0.6638719439599488	0.7316622228192573	0.7877577845335781	0.6743323445743203	
21	36	82	143	250	213	262	
3.395892200000162	1.1984623999996984	10.149441700000352	83.32995440000013	300.4563673999992	278.3626744000003	392.7023530000006	

my_own_old, 0, False, circle
0.6322606152649406	0.7447248654812404	0.7110518537325848	0.5697692490005145	0.6667686668751731	0.6893763840276408	0.5756867028403295	
14	31	74	120	224	192	220	
5.505653700000039	2.29571180000039	13.957314100000076	69.0767592000002	229.0371169	244.4423698999999	293.2546975999994	

my_own_old, 0, True, circle
0.6774220877838649	0.7447248654812404	0.7666715548957062	0.6604660419978426	0.7128865777342118	0.7702702163377898	0.6737609853928935	
15	31	78	138	239	207	252	
5.965806199999861	2.224565200000143	11.336723200000051	59.45434859999932	185.8277005	140.25446289999945	198.97102690000065	

my_own_old, 1, False, circle
0.6774220877838649	0.6966780999663217	0.7233110063106194	0.6604660419978428	0.6913412797893626	0.7491531689899212	0.656748930031558	
15	29	75	138	232	203	246	
5.926762199999757	2.111090599999443	11.149007800000618	54.44575050000003	157.44799839999996	127.21689960000003	162.06414350000068	

my_own_old, 1, True, circle
0.6774220877838649	0.6966780999663217	0.7769991353379978	0.7041167216258036	0.7163127207953417	0.7871953979763375	0.6916055481764032	
15	29	79	147	240	209	259	
5.895874600000752	2.1229513999996925	10.585139900000286	56.42771100000027	156.49857210000027	116.86551409999993	167.58031310000024	

my_own_old, 2, False, circle
0.6322606152649406	0.7447248654812404	0.5925948900592338	0.5697692490005145	0.6667686668751731	0.6633153885523169	0.5756867028403295	
14	31	61	120	224	186	220	
8.177008399999977	3.9662281000000803	41.280810099999144	216.6699469999985	705.958645499999	1160.0844180000004	1111.9616934000005	

my_own_old, 2, True, circle
0.6322606152649406	0.7447248654812404	0.7233110063106194	0.6604660419978426	0.7128865777342118	0.7702702163377896	0.6737609853928935	
14	31	75	138	239	207	252	
7.786558100000548	3.8690423000007286	20.4791441999987	119.45679580000069	388.9072706999996	378.0558144000006	454.6480756000001	

