surround_waste, 0, False, square
0.8757959894490741	0.8385742531690006	0.8165526444316372	0.7773492568123734	0.8011988006681591	0.8467950601483054	0.7424504294332813	
20	36	84	168	272	227	291	
2.8233492	1.1199255	7.6588107	75.2305769	229.18175979999998	173.8307454	254.51181809999997	

surround_waste, 0, True, square
0.8757959894490741	0.8385742531690006	0.8549841761109148	0.7879438069917925	0.8208740954165609	0.8593007166634797	0.7663757620910285	
20	36	87	170	279	231	299	
2.695471800000064	1.120481600000062	7.508832100000063	68.77301899999998	201.27606030000004	142.7601178	223.7742095000001	

surround_waste, 1, False, square
0.8757959894490741	0.8385742531690006	0.8263675238711841	0.7773492568123735	0.8044428040426863	0.8427910174403065	0.7737268052705242	
20	36	85	168	273	226	301	
2.64085440000008	1.0766344000001027	6.39793009999994	52.805581000000075	153.92766629999983	102.91756320000013	182.5668928	

surround_waste, 1, True, square
0.9195857889215278	0.8385742531690006	0.8263675238711841	0.7831947441371787	0.809730551483321	0.8467950601483056	0.7702169468923161	
21	36	85	169	275	227	300	
2.794653500000095	1.0724205999999867	6.063864700000067	51.59677020000004	149.66326139999978	100.7724119999998	173.5848372999999	

surround_waste, 2, False, square
0.8757959894490741	0.8385742531690006	0.7687003853235167	0.7773492568123735	0.8097305514833212	0.8467950601483056	0.770216946892316	
20	36	80	168	275	227	300	
3.506930800000191	1.432571199999984	21.170930899999803	180.05895519999967	612.4210204999999	688.9219629999998	723.4114224	

surround_waste, 2, True, square
0.8757959894490741	0.8385742531690006	0.8263675238711838	0.7831947441371789	0.8152858340754374	0.8546510188307171	0.7663757620910284	
20	36	85	169	278	229	299	
3.4792140999998082	1.4768395999999484	15.129449099999874	148.12713580000036	415.4254498	341.7384138999996	459.5774755000002	

surround_waste, 0, False, circle
0.5870991427460163	0.7447248654812404	0.776999135337998	0.779228095920736	0.8123623780601675	0.8192059885622298	0.7584183772580261	
13	31	79	162	268	215	289	
5.252050300000519	2.3288858999994773	12.228446099999928	87.89400100000057	269.17600140000013	189.5114926999995	302.88818360000005	

surround_waste, 0, True, circle
0.6322606152649406	0.7447248654812404	0.7927791802041174	0.7845564890027207	0.8123623780601674	0.8319551806988423	0.7623581349896665	
14	31	80	163	268	216	290	
5.567150299999412	2.2584422999998424	11.330110500000046	78.93787590000011	224.11694609999995	162.6871818999998	251.47964859999956	

surround_waste, 1, False, circle
0.6774220877838649	0.720701482723781	0.7927791802041174	0.7909769432628816	0.8153973169247014	0.8192059885622298	0.7657069698756462	
15	30	80	165	269	215	291	
6.268432500000017	2.2147979000001214	10.96580240000003	68.2126632999998	190.48199939999995	124.90192630000001	205.74214510000093	

surround_waste, 1, True, circle
0.6774220877838649	0.720701482723781	0.7769991353379978	0.7876389407270176	0.8194843069666252	0.8416722723629817	0.7657069698756463	
15	30	79	164	270	218	291	
5.995494400000098	2.161959500001103	10.386152799999763	66.9757114999993	186.88531709999916	125.69591819999914	202.3273921	

surround_waste, 2, False, circle
0.5870991427460163	0.7447248654812404	0.776999135337998	0.7336520270736915	0.802059857854059	0.8192059885622299	0.7526690049099019	
13	31	79	152	264	215	287	
7.593241399999897	3.8539866999999504	28.446602099998927	200.48242120000032	717.9082393000008	651.6006640999985	777.9449062000003	

surround_waste, 2, True, circle
0.6322606152649406	0.7447248654812404	0.7769991353379979	0.779228095920736	0.8123623780601675	0.8192059885622298	0.765706969875646	
14	31	79	162	268	215	291	
7.7582396999987395	3.575764800001707	22.74188520000098	165.6816247000006	495.0579847000008	414.25450309999906	566.6739892999994	

