surround_waste_plus, 0, False, square
0.9195857889215278	0.8385742531690006	0.8401011589058633	0.8093073993628735	0.8384301082183796	0.8593007166634797	0.7926469404503476	
21	36	86	174	286	231	309	
3.1167002	1.1364296999999994	8.834599599999999	75.8503942	237.1482328	168.13406879999997	263.6455763999999	

surround_waste_plus, 0, True, square
0.9195857889215278	0.8385742531690006	0.8549841761109148	0.8093073993628735	0.8265962227753733	0.8635172734717292	0.7821536128617387	
21	36	87	174	282	232	304	
2.923591500000043	1.1150957999999491	7.837184900000011	72.2052913	208.8426707000001	153.60821119999991	236.42652240000007	

surround_waste_plus, 1, False, square
0.9195857889215278	0.8385742531690006	0.8263675238711841	0.8093073993628738	0.833781412222663	0.8593007166634797	0.7878354402128519	
21	36	85	174	284	231	306	
2.784233200000017	1.1038740000001326	6.253368600000158	54.93080309999982	162.08086920000005	105.22809170000005	183.69187859999988	

surround_waste_plus, 1, True, square
0.9195857889215278	0.8385742531690006	0.8263675238711841	0.7944200971729446	0.8265962227753735	0.867624759716919	0.7737268052705241	
21	36	85	171	282	234	301	
3.1726017999999385	1.1835440999998355	6.236090800000056	53.13510169999995	161.4322497999999	107.03604719999976	173.06355440000016	

surround_waste_plus, 2, False, square
0.9195857889215278	0.8385742531690006	0.8401011589058633	0.8093073993628735	0.8384301082183796	0.8593007166634797	0.7926469404503476	
21	36	86	174	286	231	309	
4.309946299999865	1.6082937999999558	20.29031299999997	185.9844449000002	625.5579257999998	508.9190927999998	684.2906621000002	

surround_waste_plus, 2, True, square
0.9195857889215278	0.8385742531690006	0.8549841761109148	0.8093073993628735	0.8265962227753733	0.867624759716919	0.7821536128617387	
21	36	87	174	282	234	304	
4.23258259999966	1.6053404000003866	18.78866190000008	174.89044000000013	492.41003100000034	374.6063979999999	548.9541515999999	

surround_waste_plus, 0, False, circle
0.7225835603027893	0.7447248654812404	0.8316743985454172	0.8016989692136428	0.8408238730078621	0.8514734553429039	0.7903817404008839	
16	31	83	168	278	220	299	
6.978428700000222	2.574427399999877	17.090966499999922	94.12704740000027	280.64476410000043	194.21018689999983	303.3784058000001	

surround_waste_plus, 0, True, circle
0.7225835603027893	0.7447248654812404	0.8522526860009125	0.812625383413808	0.8228810779891257	0.8474862898135529	0.7858082600266468	
16	31	85	170	271	219	298	
6.939748400000099	2.498699800000395	13.159901699999864	90.93292769999971	246.8800895000004	173.7820359999996	273.35168520000025	

surround_waste_plus, 1, False, circle
0.7677450328217137	0.720701482723781	0.8316743985454172	0.8126253834138077	0.8350945765703084	0.8416722723629819	0.7903817404008838	
17	30	83	170	275	218	299	
8.172064200000023	2.340700700000525	12.303990899999917	72.35655289999977	201.96316939999997	129.85064899999998	217.12964239999928	

surround_waste_plus, 1, True, circle
0.7677450328217137	0.6966780999663217	0.7927791802041174	0.8016989692136428	0.819484306966625	0.8371416470383991	0.7788592187413856	
17	29	80	168	270	217	295	
8.122022899999138	2.2701075000004494	11.451101599999674	70.60808569999972	191.5381913000001	125.76202759999978	207.54577040000004	

surround_waste_plus, 2, False, circle
0.7225835603027893	0.7447248654812404	0.8316743985454172	0.8016989692136428	0.8408238730078621	0.8514734553429039	0.7903817404008839	
16	31	83	168	278	220	299	
11.44081290000031	5.117859599999065	40.55591920000006	225.34730350000063	720.0850800000007	601.4217246999997	793.9175524000002	

surround_waste_plus, 2, True, circle
0.7225835603027893	0.7447248654812404	0.8316743985454172	0.812625383413808	0.8228810779891257	0.8416722723629819	0.7858082600266468	
16	31	83	170	271	218	298	
11.256227199999557	4.712370000001101	26.554889200000616	203.55948239999998	582.8242133999993	474.8936622000001	647.3682826999993	

