my_own_old, 0, False, square
0.9195857889215278	0.8385742531690006	0.7533996220442826	0.560190656321022	0.6830606077250552	0.6753665369231436	0.5678818787587936	
21	36	79	121	236	193	223	
2.8228936	1.0671756000000001	7.941693	55.900965400000004	211.8283141	194.7047614	243.90881880000006	

my_own_old, 0, True, square
0.9195857889215278	0.8385742531690006	0.7533996220442826	0.6638719439599488	0.7316622228192573	0.7754696407328976	0.6743323445743203	
21	36	79	143	250	211	262	
2.8078872999999476	1.0730538999999908	6.657973800000036	44.49019009999995	152.4954606	121.17793689999996	183.54658830000017	

my_own_old, 1, False, square
0.9195857889215278	0.8385742531690006	0.7687003853235166	0.6743672436103678	0.708535263266835	0.7754696407328977	0.6661767153452913	
21	36	80	145	244	211	258	
2.7725379999999404	1.0617397000000892	6.033557900000005	40.498942199999874	130.17720039999995	102.41552089999982	143.89707610000005	

my_own_old, 1, True, square
0.8757959894490741	0.8385742531690006	0.8165526444316372	0.7113690797981387	0.7419748045335931	0.7943245418036621	0.7026442992077809	
20	36	84	152	253	215	275	
2.542113900000004	1.0914095000000543	6.674350600000025	43.012308000000075	133.4285030000001	95.4023075	157.87651830000004	

my_own_old, 2, False, square
0.9195857889215278	0.8385742531690006	0.7013421431129883	0.560190656321022	0.6830606077250552	0.6753665369231436	0.5678818787587936	
21	36	75	121	236	193	223	
3.545347700000093	1.2956418000003396	19.43452169999955	193.3538134999999	684.5026410999999	1021.4965565000002	930.7829365999996	

my_own_old, 2, True, square
0.9195857889215278	0.8385742531690006	0.796648753399028	0.6638719439599488	0.7316622228192573	0.7877577845335781	0.6743323445743203	
21	36	82	143	250	213	262	
3.5062096999999994	1.2286739000001035	10.636757799999941	87.22672010000042	311.84904879999976	290.45590040000025	403.75313929999993	

my_own_old, 0, False, circle
0.6322606152649406	0.7447248654812404	0.7110518537325848	0.5697692490005145	0.6667686668751731	0.6893763840276408	0.5756867028403295	
14	31	74	120	224	192	220	
5.557590700000219	2.3210237000002962	14.161021099999743	72.40696810000009	240.13634939999974	255.19861029999993	303.71452169999975	

my_own_old, 0, True, circle
0.6774220877838649	0.7447248654812404	0.7666715548957062	0.6604660419978426	0.7128865777342118	0.7702702163377898	0.6737609853928935	
15	31	78	138	239	207	252	
6.136513399999785	2.3051440999997794	11.834254400000646	62.319397899999785	192.38552049999998	147.1938584999998	214.0186189999995	

my_own_old, 1, False, circle
0.6774220877838649	0.6966780999663217	0.7233110063106194	0.6604660419978428	0.6913412797893626	0.7491531689899212	0.656748930031558	
15	29	75	138	232	203	246	
6.311682999999903	2.2195678999996744	11.725561299999754	58.95910939999976	165.65396369999962	140.00469369999973	172.87093709999954	

my_own_old, 1, True, circle
0.6774220877838649	0.6966780999663217	0.7769991353379978	0.7041167216258036	0.7163127207953417	0.7871953979763375	0.6916055481764032	
15	29	79	147	240	209	259	
6.134903199999826	2.214040400000158	11.199345200000607	60.2680848	166.35117560000072	122.6744407999995	176.46969050000007	

my_own_old, 2, False, circle
0.6322606152649406	0.7447248654812404	0.5925948900592338	0.5697692490005145	0.6667686668751731	0.6633153885523169	0.5756867028403295	
14	31	61	120	224	186	220	
8.498621200000343	4.1122942000001785	42.54245079999964	227.5845948999995	729.7250220999995	1191.8131316	1144.442842299999	

my_own_old, 2, True, circle
0.6322606152649406	0.7447248654812404	0.7233110063106194	0.6604660419978426	0.7128865777342118	0.7702702163377896	0.6737609853928935	
14	31	75	138	239	207	252	
8.366727199998422	4.227765999999974	21.48339929999929	126.02163230000042	403.6286899000006	389.6844067999991	457.9246782000009	

